# node_eversong_forest={
	# location=4164
	# color={
		# 228 234 6 
	# }
	# outgoing={
		# name="node_lordaeron"
		# path={
			# 4078 4031 
		# }
		# control={
			# 4297.000000 1427.000000 4208.000000 1316.000000 
		# }
	# }
	# members={
		# 4215 4216 4217 4219 4214 4212 4211 4210 4218 4220 4209 4208 4221 4222 4213 4206 4207 4204 4205 4193 4194 4195 1949 4198 4196 4197 4199 4203 4202 4201 4200 1948 1947 4171 4173 4170 4167 4176 4166 4168 4163 4178 4177 4179 4172 4169 4164 4165 4161 4162 1945 1946 4174 4182 4184 4183 1940 1939 4186 4185 4187 4180 4175 4188 4181 4160 4192 4190 4189 4191 4158 4159 4157 4156 1938 1928 4090 4091 4148 4149 4150 1941 4143 1927 4088 4087 4086 4152 4151 4153 4155 4140 4154 4139 1942 4133 4138 4136 4135 4134 1943 4137 4132 4131 4130 4129 4123 4124 4125 4126 4127 4128 4141 4146 4147 4144 4145 1937 1936 1935 4085 4089 4092 4093 4094 4095 4142 4060 4059 4061 4058 4057 4056 4055 4062 4075 4074 4048 4049 4050 4047 4051 4039 4042 4041 4040 4043 4046 4052 4045 4044 4054 4053 4077 4076 4063 4079 4078 4073 4080 4064 4081 4082 4065 4066 4072 4071 4084 4083 4070 4067 4069 4068 1924 1925 1926 4112 4114 4115 1931 1932 4113 4109 1933 1934 4106 4107 4108 4116 4117 4118 4119 4122 4120 4121 4103 4102 4111 4110 4097 4098 4105 4096 4099 4104 4101 4100 
	# }
# }